4299.131 4301.425 4300.000 4299.983 4299.841 4299.989 4300.050 4300.126 4300.089 4300.054 4300.283 4299.323
4299.557 4297.820 4298.895 4300.000 4299.878 4300.009 4299.631 4299.993 4300.079 4299.729 4300.092 4302.659
4300.016 4295.856 4300.509 4299.998 4300.284 4300.016 4299.984 4300.008 4300.010 4300.008 4300.021 4295.294
4299.978 4299.803 4300.005 4299.980 4299.931 4299.699 4300.007 4300.054 4299.519 4300.038 4300.010 4300.006
4299.992 4300.030 4299.968 4300.022 4299.998 4299.993 4300.001 4300.083 4300.136 4300.023 4299.975 4301.791
4300.026 4300.213 4299.846 4299.758 4299.944 4300.017 4300.140 4300.349 4300.021 4300.905 4299.711 4301.486
4300.071 4300.191 4300.010 4299.967 4299.950 4300.015 4300.206 4300.248 4300.513 4301.735 4300.665 4300.007
4300.021 4299.985 4300.005 4299.999 4299.984 4300.041 4299.986 4300.053 4300.073 4299.985 4299.997 4301.004
4300.004 4299.992 4300.373 4299.962 4296.067 4300.043 4298.620 4290.573 4300.074 4293.132 4299.990 4300.014
4300.015 4300.011 4301.309 4300.005 4299.985 4299.898 4298.685 4299.960 4300.058 4299.944 4300.074 4299.928
4341.899 4376.603 4381.303 4312.558 4362.506 4350.261 4307.410 4379.060 4381.702 4380.043 4337.520 4381.377
4367.212 4334.547 4388.740 4380.701 4359.932 4385.715 4368.186 4360.900 4396.691 4396.503 4327.949 4383.050
4392.729 4356.975 4384.169 4375.299 4377.442 4399.031 4399.483 4387.686 4392.839 4335.697 4395.211 4342.606
4388.122 4332.766 4385.159 4397.523 4397.616 4299.980 4304.959 4393.226 4397.536 4357.746 4397.627 4305.342
4299.909 4299.797 4300.187 4299.881 4300.158 4300.343 4299.856 4299.995 4299.976 4300.220 4300.031 4300.012
4299.820 4303.552 4301.197 4300.068 4300.177 4300.218 4300.072 4300.054 4299.986 4300.008 4299.821 4300.063
4300.168 4299.702 4300.108 4299.978 4299.806 4303.289 4300.426 4300.037 4299.343 4300.008 4301.712 4299.973
4299.989 4299.972 4299.978 4299.995 4300.026 4300.013 4300.008 4299.986 4300.032 4300.024 4300.039 4300.020
4299.981 4299.691 4299.987 4299.914 4299.945 4299.984 4300.024 4300.009 4300.193 4299.993 4299.956 4299.974
4399.178 4365.874 4360.203 4398.049 4332.098 4345.258 4364.026 4397.842 4399.080 4402.783 4399.330 4394.631
4337.778 4348.651 4390.965 4342.053 4390.509 4402.874 4397.588 4397.575 4396.111 4391.837 4378.056 4398.242
4390.436 4312.037 4342.403 4332.604 4354.651 4331.376 4324.985 4363.726 4390.126 4300.205 4388.708 4387.420
1599.993 1599.986 1599.969 1600.065 1600.794 1600.202 1598.652 1600.377 1600.000 1600.996 1599.998 1600.305
1200.047 1200.007 1199.537 1199.089 1201.278 1200.130 1199.593 1200.042 1200.139 1200.001 1200.378 1200.000
4301.106 4300.017 4300.304 4299.952 4300.075 4299.932 4307.647 4296.864 4299.890 4299.991 4300.640 4300.010
4297.701 4300.019 4301.771 4300.080 4296.817 4300.132 4300.041 4301.152 4299.990 4299.989 4300.066 4297.125
4299.901 4300.005 4299.993 4299.978 4300.028 4299.955 4300.008 4300.028 4299.993 4300.077 4300.031 4299.994
4299.915 4300.007 4299.962 4299.417 4299.656 4299.994 4300.060 4301.923 4300.054 4300.826 4300.056 4301.016
4299.916 4299.945 4300.020 4297.166 4300.081 4299.735 4300.229 4311.540 4300.689 4300.993 4308.129 4305.194
3201.652 3199.996 3201.468 3200.021 2879.535 3199.956 3200.015 3199.339 3200.107 3202.635 3199.969 3076.281
1999.088 2000.061 1999.983 2000.152 2000.540 2000.522 1999.998 1999.990 1999.584 1998.204 1999.993 2000.209
4311.056 4304.274 4300.029 4299.979 4303.223 4301.060 4299.990 4300.002 4300.018 4299.985 4300.033 4299.991
4398.075 4313.637 4399.959 4400.069 4400.347 4395.251 4399.869 4400.009 4400.535 4406.329 4401.885 4400.005
4300.066 4295.366 4300.034 4299.490 4295.210 4300.012 4299.795 4300.022 4300.422 4300.027 4300.121 4300.013
3896.552 4299.205 4185.257 1543.334 4301.470 4300.879 994.744 3996.132 3062.774 4299.925 4300.010 1204.643
4299.951 4299.984 4300.024 4297.223 4300.070 4299.014 4300.165 4300.879 4300.147 4300.098 4303.076 4299.944
4299.973 4300.019 4300.001 4299.977 4300.013 4299.987 4300.015 4299.994 4300.010 4299.969 4300.038 4300.007
4300.008 4300.014 4300.018 4299.995 4299.995 4299.992 4300.016 4299.997 4299.999 4299.984 4299.975 4299.944
4336.735 4357.554 4327.293 4345.999 4402.815 4380.384 4371.973 4342.040 4369.403 4366.548 4359.424 4355.551
4388.859 4388.976 4358.366 4399.998 4396.714 4389.047 4399.808 4388.262 4390.797 4397.288 4397.314 4353.531
4299.874 4299.607 4299.964 4300.210 4299.986 4299.998 4300.128 4299.979 4302.478 4300.095 4300.033 4300.074
4298.719 4299.989 4300.020 4299.085 1105.854 4299.706 4300.037 4299.999 4300.003 4300.012 4301.431 4300.089
2489.149 2489.521 2489.074 2484.942 2488.795 2490.001 2489.219 2460.903 2488.873 2489.003 2488.893 2489.448
2478.899 2400.276 2489.017 2400.985 2481.617 2400.126 2634.557 2401.317 2402.676 2800.004 2799.929 2400.606
4300.118 4299.920 4299.964 4299.932 4298.915 4300.194 4299.988 4304.230 4300.086 4300.381 4302.174 4299.995
4299.985 4300.004 4300.000 4300.004 4299.951 4300.004 4307.655 4300.018 4300.034 4300.044 4300.040 4300.036
4300.036 4300.036 4299.935 4299.987 4301.395 4299.999 4300.031 4300.051 4300.054 4299.814 4299.972 4299.978
4300.171 4299.974 4300.018 4299.940 4299.846 4299.925 4300.119 4300.424 4299.988 4300.039 4299.984 4300.229
3749.443 3602.938 3599.994 3779.150 3607.045 3601.088 3602.874 3600.022 3751.023 3599.997 3599.926 3716.856
4304.590 4300.364 4298.604 4300.026 4299.989 4300.105 4300.046 4300.072 4300.024 4302.874 4300.187 4300.068
4353.129 4399.303 4394.606 4386.827 4400.009 4297.076 4362.293 4389.677 4399.998 4355.210 4346.984 4397.288
4300.101 4300.007 4300.032 4299.994 4299.993 4300.037 4299.961 4300.013 4299.991 4300.001 4300.029 4299.988
4299.172 4300.046 4299.866 4299.910 4299.948 4300.398 4300.154 4300.004 4300.407 4299.852 4299.987 4299.981
4296.054 4300.094 4299.782 4299.983 4299.779 4300.142 4300.037 4300.114 4300.017 4299.944 4300.095 4303.493
4299.992 4300.000 4299.978 4299.995 4299.979 4300.018 4299.986 4300.029 4299.986 4299.987 4299.978 4300.021
4300.036 4299.802 4299.987 4299.878 4299.699 4299.832 4299.975 4300.043 4300.568 4300.301 4300.000 4300.681
4299.900 4299.828 4299.883 4300.038 4300.023 4299.914 4299.979 4300.065 4299.985 4299.915 4300.231 4299.099
4298.171 4299.975 4299.916 4300.073 4299.793 4299.918 4300.103 4299.951 4300.028 4300.005 4300.011 4302.436
4300.011 4300.079 4299.467 4298.800 4300.061 4299.950 4300.070 4299.945 4300.010 4300.053 4300.005 4300.270
4299.928 4299.977 4300.056 4299.980 4300.083 4300.060 4300.016 4299.746 4300.031 4299.962 4300.047 4300.039
4299.817 4300.137 4300.037 4299.882 4299.998 4301.131 4300.338 4299.938 4301.289 4299.068 4300.361 4299.984
4300.043 4300.028 4300.051 4300.019 4300.029 4300.044 4300.025 4299.985 4299.976 4300.009 4300.014 4300.006
4336.394 4303.845 4383.510 4340.015 4399.054 4347.500 4375.198 4398.077 4399.418 4399.437 4379.498 4370.897
4302.449 4300.008 4299.967 4299.307 4299.326 4299.989 4300.009 4299.986 4300.144 4300.004 4300.138 4299.603
4299.123 4299.980 4294.499 4292.642 4300.294 4299.995 4300.102 4299.905 4300.097 4300.133 4300.203 4299.952
4299.914 4300.335 4300.117 4300.019 4299.961 4299.845 4299.984 4300.007 4299.899 4300.271 4299.639 4300.172
4299.896 4300.009 4300.008 4300.015 4299.994 4299.965 4299.942 4299.976 4300.013 4300.036 4299.922 4300.023
4299.989 4300.007 4299.974 4300.006 4300.028 4299.929 4300.038 4300.021 4299.976 4299.999 4299.978 4299.990
4300.022 4300.002 4300.297 4299.994 4299.985 4300.000 4299.969 4299.948 4300.007 4300.059 4300.011 4300.113
4299.931 4300.072 4300.594 4299.324 4298.337 4297.563 4299.524 4300.008 4299.987 4299.977 4300.234 4300.176
4300.094 4300.185 4299.971 4299.983 4300.045 4300.040 4300.059 4300.146 4299.961 4299.974 4300.268 4299.519
4299.985 4299.902 4300.043 4300.107 4299.873 4299.982 4299.911 4300.009 4300.025 4300.026 4300.044 4299.990
4300.010 4299.881 4299.978 4300.098 4299.980 4300.071 4300.089 4299.978 4300.051 4300.188 4299.995 4300.159
4300.123 4300.096 4299.591 4300.364 4300.236 4300.707 4305.994 4300.088 4299.240 4301.090 4300.046 4300.010
4299.943 4301.390 4299.900 4299.855 4315.808 4300.012 4294.817 4300.160 4299.966 4301.457 4300.012 4303.941
4300.069 4301.960 4299.881 4300.065 1175.573 3406.616 4301.312 4300.170 4300.237 4300.053 4165.474 1181.293
4300.879 4299.825 4299.965 4299.983 4299.976 4300.470 4300.008 4300.288 4300.180 4299.998 4300.060 4300.398
4300.049 4299.931 4299.896 4299.988 1142.134 4299.987 4300.027 4300.121 4300.018 4300.637 4300.029 4300.009
4400.029 4403.853 4399.975 4400.071 4352.428 4399.997 4399.534 4342.961 4388.894 4394.352 4387.565 4402.158
4300.037 4299.450 4299.991 4299.980 4300.058 4300.320 4301.904 4300.674 4300.008 4299.988 4300.232 4306.798
800.014 800.001 799.968 800.147 800.012 799.739 800.877 800.016 800.003 800.282 1181.642 1158.802
4299.370 4307.850 4300.088 4294.872 4299.988 4297.016 4300.023 4300.148 4299.953 4305.275 4299.952 4299.618
3200.168 3200.004 3200.097 3200.035 3199.719 3200.000 3200.020 3199.971 3200.004 3199.995 3199.989 3200.021
4301.090 4299.874 4298.868 4300.007 4300.046 4299.987 4299.912 4300.713 4299.995 4301.312 4300.017 4299.840
4300.024 4299.281 4300.472 4299.987 4300.000 4299.961 4300.019 4299.975 4300.002 4299.953 4300.066 4300.005
799.998 799.980 799.982 800.000 800.033 799.978 800.672 799.991 800.040 799.995 800.005 800.017
4300.000 4300.207 4299.589 4291.926 4300.652 4302.410 4300.221 4300.201 4301.369 4300.086 4300.012 4301.556
799.388 800.027 800.025 799.356 800.188 800.156 800.011 799.996 800.129 800.007 800.000 800.188
4361.945 4399.099 4326.421 4399.137 4308.962 4397.430 4392.161 4342.797 4398.625 4298.028 4394.288 4397.253
4368.011 4389.095 4361.949 4323.568 4364.634 4301.646 4370.271 4359.726 4347.453 4349.266 4388.764 4367.983
4299.874 4299.963 4299.973 4299.990 4300.209 4300.000 4300.186 4300.047 4300.065 4300.323 4300.000 4300.024
800.015 800.028 799.900 799.953 799.982 799.993 799.519 799.798 800.037 800.034 799.805 800.006
3999.987 4000.061 3999.950 4000.003 4000.071 3999.984 3997.604 4000.022 3999.979 4000.180 4000.004 3999.924
4395.593 4300.657 4396.784 4304.081 4299.061 4406.153 4382.543 4393.127 4371.680 4153.673 4398.027 4400.007
4300.020 4303.188 4300.110 800.000 4300.014 4295.395 4299.967 4299.993 4300.023 4301.416 4299.757 4299.978
4399.086 4391.619 4399.281 4393.226 4399.023 4401.159 4400.047 4399.314 4385.600 4399.686 4396.834 4400.046
4300.004 4300.034 4299.787 4299.967 4299.967 4299.993 4300.386 4304.400 4300.005 4300.127 4307.516 4301.530
4300.009 4300.026 4300.042 4299.985 4299.999 4300.010 4299.991 4300.041 4300.039 4300.027 4299.981 4299.985
4299.085 4299.957 4299.976 4299.899 4296.839 4300.038 4300.019 4302.257 4300.787 4300.155 4300.001 4300.031
1999.992 1999.982 2000.017 1999.994 2000.019 1999.990 1999.980 1999.990 2000.003 2000.006 2000.013 1999.997
